7 23
1 3 4 5 5 6 7
2 2 2 4 6 8 9 10 11 11 12 12 14 16 18 20 22 24 26 27 27 28 29
22 20
1 1 3 3 5 6 8 8 10 11 13 15 17 17 19 20 20 22 22 24 24 25
2 3 4 6 7 7 8 10 11 13 14 15 17 17 18 19 21 23 25 27
15 16
2 2 2 2 4 5 6 7 8 8 8 8 8 8 9
1 1 1 1 3 5 7 9 11 11 12 12 13 13 15 15
7 5
1 1 1 2 3 5 7
1 2 2 2 3
22 12
1 3 5 5 7 9 10 11 11 12 14 15 15 15 15 17 19 20 21 23 24 26
2 2 2 4 6 7 7 8 9 9 11 11
11 7
2 2 4 4 6 6 6 8 9 11 12
1 1 1 3 5 5 7
24 22
2 2 3 4 6 6 6 7 8 9 10 11 12 14 14 14 14 15 16 16 17 18 20 22
1 1 1 1 1 2 4 6 6 7 8 9 11 13 14 16 18 19 21 22 22 24
12 13
2 4 6 7 8 8 8 9 9 9 11 12
1 1 1 2 3 3 4 6 8 8 9 11 11
22 15
1 1 2 4 6 7 7 9 9 10 10 12 12 12 13 14 14 15 17 18 19 19
2 4 5 7 8 8 8 10 10 10 12 14 15 15 15
8 10
1 3 5 7 8 10 10 12
1 2 3 3 4 4 6 7 7 8
100 100
46 46 47 48 48 48 49 49 49 49 50 51 51 51 52 53 53 53 53 54 54 55 55 55 56 56 57 58 58 59 59 59 59 60 60 60 61 61 61 62 62 62 63 63 63 63 63 63 64 64 64 64 64 64 64 65 65 66 66 66 67 67 67 67 68 68 68 69 70 70 70 70 71 71 71 71 71 72 72 72 72 72 72 73 73 73 73 73 74 74 74 74 74 74 75 75 75 75 76 76
15 15 16 16 16 17 17 18 18 19 22 22 24 26 27 27 28 28 29 29 30 31 32 32 33 33 34 34 35 36 38 38 39 39 40 40 41 41 41 41 42 43 43 43 44 45 45 45 45 46 47 47 49 49 51 51 52 52 54 54 56 56 57 57 57 59 59 60 61 61 62 62 63 64 64 65 65 66 67 69 69 70 74 74 75 76 77 77 79 79 80 82 82 84 85 85 86 86 87 88
1 1
1000
1001
5 5
1 1 1 1 1
1 1 1 1 1
5 5
1 1 1 1 1
2 2 2 2 2
3 2
5 8 9
4 6
2 3
4 6
5 8 9
15 5
1 1 2 2 3 3 3 4 4 5 6 7 8 8 59
1 1 2 2 8
5 15
1 1 2 2 8
1 1 1 2 2 3 3 3 4 4 5 6 7 8 59
9 23
1 8 15 119 184 191 210 215 291
1 1 1 1 1 1 2 8 15 119 184 191 210 215 291 291 291 291 291 291 291 291 291
1 1
1000
1000
3 4
1 3 5
2 4 6 8
10 9
1 1 2 3 5 7 8 8 9 15
2 2 2 3 4 6 10 11 11
0 0
